# Model parameters
gPts      = 3
deltat    = 0.00100
nCells    = 225
TissueCenter    = -0.33717
TissueCenter    = -0.19041
dynamicTimeStepFlag      = 0
perturbseedbucklingflag  = 0
periodicboxflag          = 1
changeTensionRatioFlag   = 0
LineSearchFlag = 0
contactFlag = 0
MeshStickingToSubstrateFlag = 0
increaseInitialFrictionFlag = 0
useVTUflag = false
applybasalTractionFlag = true;

mu        = 0.00000
lambda    = 0.00000
kp        = 1.00000
kd        = 1.00000
kon        = 0.00500
koff       = 0.00500
kendo        = 0.10000
kexo       = 0.10000

ConcInit       = 0.03000
MinCorticalDensityLat       = 0.01500
constbulkflag  = 1.00000

bvisc     = 0.50000
lame1     = 1.00000
lame2     = 1.00000

activA            = 1.00000
activB            = 1.00000
activL            = 0.70000
adhesionOsmoticContractility   = 0.00000
eta_f        = 1.000000E-08
eta_f_basal  = 1.000000E-08

# Applied deformation
DelF00    = 0.00000
DelF01    = 0.00000
DelF10    = 0.00000
DelF11    = 0.00000

# External stress
sigma_e_00    = 0.00000
sigma_e_01    = 0.00000
sigma_e_10    = 0.00000
sigma_e_11    = 0.00000

basaltractions    = -0.0250000

creepleftflag    = 1
creeprightflag   = 1
creeptopflag     = 1
creepbottomflag  = 1

# Periodic tension parameters
Lxinit    = 24.22548
Lyinit    = 24.22548
sigx_per    = 0.00000
sigy_per    = 0.00000

# Re-stiffening parameters
memb_thresh_high = 2.3
memb_thresh_low  = 1.200000e-01
memb_lam_high    = 1.000000e-2
memb_lam_low     = 5.000000

# Substrate stiffeness parameters
E_sub = 0.00100

# Dome inflation and deflation rate 
domeInflrate = 0.00000
domeDeflrate = 0.00000

# Load step parameters
loadcase             = 2
tcycle               = 0.5263000
tequi                = 10.00000
pull_begin           = 0.00000
pull_stretchduration = 0.263150
pull_mag             = 1.00000
push_begin           = 0.2631500
push_stretchduration = 0.2631500
push_mag             = 0.00000
totalTime            = 50.00000
deltat_max           = 0.01
tinit_opto           = 0.00000
tfinal_opto           = 0.00000
BetweenrelaxTime           = 0.00000
nIterChange          = 5

# Solver parameters
MAXITER             = 10
AZMAXITER           = 5000
SOLTOL              = 1.000000E-08
RESTOL              = 1.000000E-08
AZSOLTOL            = 1.000000E-08
nPrecUpdate         = 1

solverflag          = 0

nResSteps           = 10000

